6208.781858	0.1621585
6213.386440	0.1574384
6219.297258	0.1512786
6225.072215	0.1452098
6230.693444	0.1393442
6236.518988	0.1332891
6242.372543	0.1271992
6248.092972	0.1213160
6253.801326	0.1154601
6259.528616	0.1096483
6265.295014	0.1037866
6271.234317	0.0977420
6277.015471	0.0919709
6282.800024	0.0861402
6288.760238	0.0802011
6294.740142	0.0741917
6300.555377	0.0684684
6306.362768	0.0627870
6312.358748	0.0568458
6318.363973	0.0509492
6324.367468	0.0450521
6330.201493	0.0394128
6336.046005	0.0337618
6342.092864	0.0278922
6348.161664	0.0220393
6354.059043	0.0163898
6359.957042	0.0107317
6366.047203	0.0049131
6372.152502	-0.000927
6378.267872	-0.006692
6384.200018	-0.012282
6390.150103	-0.017859
6396.297537	-0.023733
6402.451891	-0.029429
6408.431615	-0.035078
6414.432163	-0.040652
6420.632177	-0.046395
6426.855225	-0.052086
6433.089243	-0.057819
6439.158628	-0.063391
6445.273417	-0.068924
6451.581442	-0.074652
6457.724295	-0.080126
6463.857636	-0.085549
6470.186992	-0.091303
6476.532334	-0.096811
6482.726241	-0.102275
6488.903380	-0.107516
6495.098469	-0.112749
6501.327763	-0.117928
6506.309671	-0.121844
6508.261376	-0.123097
6508.656852	-0.123562
6509.045253	-0.123674
6509.408754	-0.124019
6509.914876	-0.124661
6510.378300	-0.125015
6510.695606	-0.125159
6511.041472	-0.125423
6511.437304	-0.125857
6511.833187	-0.126064
6512.229120	-0.126214
6512.617968	-0.126315
6512.981889	-0.126788
6513.485026	-0.127152
6513.948984	-0.127259
6514.263087	-0.127591
6514.605782	-0.127901
6514.998499	-0.128115
6515.398408	-0.128370
6515.794796	-0.128673
6516.180521	-0.128772
6516.544860	-0.129107
6517.048576	-0.129232
6517.513067	-0.129781
6517.827532	-0.129794
6518.174194	-0.130340
6518.567363	-0.130030
6518.967733	-0.130180
6519.364578	-0.130744
6519.750746	-0.130977
6520.115505	-0.131155
6520.628743	-0.131292
6521.091983	-0.131696
6521.410388	-0.131914
6521.753873	-0.131847
6522.151074	-0.131960
6522.548327	-0.132377
6522.945631	-0.132473
6523.332245	-0.132490
6523.697425	-0.132690
6524.204094	-0.132714
6524.667867	-0.132872
6524.986639	-0.132721
6525.330520	-0.132845
6525.724597	-0.132863
6526.122307	-0.133082
6526.520068	-0.132874
6526.910712	-0.132931
6527.276313	-0.132795
6527.781773	-0.132632
6528.247873	-0.131996
6528.563427	-0.132137
6528.907704	-0.132120
6529.302235	-0.131564
6529.703991	-0.131337
6530.102211	-0.130730
6530.493305	-0.130457
6530.859328	-0.129677
6531.368961	-0.128466
6531.835599	-0.127089
6532.151517	-0.125863
6532.496192	-0.124245
6532.887588	-0.122253
6533.289807	-0.119696
6533.688487	-0.116204
6534.076440	-0.111573
6534.442885	-0.104766
6534.953105	-0.085264
6535.416688	-0.048945
6535.732970	-0.010714
6536.078042	0.0334791
6536.473484	0.0762546
6536.876167	0.1120349
6537.271710	0.1407083
6537.663707	0.1643840
6538.206831	0.1936599
6538.703278	0.2180278
6539.009100	0.2293263
6539.325748	0.2358961
6539.671218	0.2386216
6540.063517	0.2415843
6540.470265	0.2467332
6540.869866	0.2559510
6541.262316	0.2679870
6541.806067	0.2875203
6542.299487	0.3050811
6542.605663	0.3149400
6542.922676	0.3239632
6543.264943	0.3338780
6543.657695	0.3467144
6544.057705	0.3610893
6544.457766	0.3781847
6544.850668	0.3975032
6545.218384	0.4185495
6545.571720	0.4409123
6545.892641	0.4648848
6546.202776	0.4894599
6546.516549	0.5140860
6546.859211	0.5389676
6547.252416	0.5639732
6547.656496	0.5880707
6548.053411	0.6126159
6548.446767	0.6355919
6548.818516	0.6584868
6549.172260	0.6805894
6549.497163	0.7025856
6549.804046	0.7244581
6550.121793	0.7462166
6550.464851	0.7669826
6550.862123	0.7877459
6551.266671	0.8070383
6551.667658	0.8241053
6552.061470	0.8380023
6552.430037	0.8497053
6552.784191	0.8574001
6553.105856	0.8622650
6553.413095	0.8625194
6553.731209	0.8597456
6554.071049	0.8543519
6554.465165	0.8454402
6554.870180	0.8344842
6555.268013	0.8222365
6555.662280	0.8096996
6556.034890	0.7978745
6556.393072	0.7869687
6556.715109	0.7775420
6557.022703	0.7688822
6557.341185	0.7623048
6557.681418	0.7570186
6558.075990	0.7531721
6558.485095	0.7505744
6558.883389	0.7492041
6559.278113	0.7489218
6559.651155	0.7490236
6560.009752	0.7505870
6560.335784	0.7516053
6560.647358	0.7531863
6560.966211	0.7547975
6561.306839	0.7561721
6561.698245	0.7575825
6562.104199	0.7592705
6562.506580	0.7604471
6562.898136	0.7621056
6563.271611	0.7628920
6563.626996	0.7635112
6563.953407	0.7644476
6564.261714	0.7648068
6564.577308	0.7649023
6564.918330	0.7652962
6565.310188	0.7653032
6565.712983	0.7647927
6566.115829	0.7647075
6566.515097	0.7643842
6566.889004	0.7636786
6567.244801	0.7631641
6567.575221	0.7626488
6567.883886	0.7620286
6568.203477	0.7609259
6568.541262	0.7607684
6568.933575	0.7600267
6569.340469	0.7593953
6569.743783	0.7590173
6570.139881	0.7584692
6570.517855	0.7579826
6570.877701	0.7583483
6571.208504	0.7580099
6571.517527	0.7577358
6571.833854	0.7584579
6572.175668	0.7593592
6572.564799	0.7598497
6572.972166	0.7610513
6573.372311	0.7618696
6573.772506	0.7632286
6574.147281	0.7647003
6574.507543	0.7657869
6574.835091	0.7674381
6575.144473	0.7689334
6575.461166	0.7706066
6575.803376	0.7720825
6576.192958	0.7739083
6576.597156	0.7754811
6577.001406	0.7775955
6577.402065	0.7795972
6577.777274	0.7814235
6578.137955	0.7834677
6578.469526	0.7859436
6578.779267	0.7885121
6579.096328	0.7905857
6579.438935	0.7928217
6579.828970	0.7954419
6580.237283	0.7979558
6580.642002	0.7997371
6581.043128	0.8018396
6581.422420	0.8040641
6581.783520	0.8050351
6582.115477	0.8064142
6582.425579	0.8070025
6582.743009	0.8074140
6583.082366	0.8070806
6583.472854	0.8064780
6583.881642	0.8056218
6584.283182	0.8031613
6584.684773	0.8011995
6585.064506	0.7986523
6585.429678	0.7959080
6585.762021	0.7924457
6586.076136	0.7888144
6586.393935	0.7850185
6586.737341	0.7812410
6587.131938	0.7781036
6587.541203	0.7748201
6587.946866	0.7714423
6588.348927	0.7679042
6588.729104	0.7647605
6589.091046	0.7620112
6589.423777	0.7593732
6589.734602	0.7565552
6590.056429	0.7546056
6590.400236	0.7522435
6590.791636	0.7495177
6591.201378	0.7476105
6591.607515	0.7450894
6592.010044	0.7429362
6592.387005	0.7403964
6592.753029	0.7379348
6593.082488	0.7350683
6593.393675	0.7327414
6593.712216	0.7296914
6594.052761	0.7265142
6594.440954	0.7243643
6594.851173	0.7213477
6595.254118	0.7188426
6595.653451	0.7161153
6596.034513	0.7140425
6596.397298	0.7118123
6596.730804	0.7097119
6597.042353	0.7082634
6597.361264	0.7071163
6597.698538	0.7055533
6598.090849	0.7047098
6598.501544	0.7038492
6599.106684	0.7033527
6600.536865	0.7039807
6602.560041	0.7073827
6604.363458	0.7120658
6606.214964	0.7181591
6608.203905	0.7267281
6610.084479	0.7343513
6611.877788	0.7398182
6613.953225	0.7431281
6615.717456	0.7434891
6617.630252	0.7414588
6619.400973	0.7369112
6621.321175	0.7313223
6623.284313	0.7239101
6625.398831	0.7159588
6627.145051	0.7092847
6629.096631	0.7044588
6630.850823	0.7023338
6632.808401	0.7027616
6634.557236	0.7051840
6636.508202	0.7079389
6638.458143	0.7097787
6640.586925	0.7084537
6642.354939	0.7046341
6644.306253	0.6983123
6646.067409	0.6911423
6648.017286	0.6841002
6649.779761	0.6773464
6651.903733	0.6708578
6653.893528	0.6650444
6655.808640	0.6607293
6657.610571	0.6575536
6659.531666	0.6556373
6661.335712	0.6551744
6663.433243	0.6563428
6665.267659	0.6584199
6667.164345	0.6608511
6669.206350	0.6636176
6671.078933	0.6654381
6672.946612	0.6663564
6674.996589	0.6664289
6677.466989	0.6649599
6680.040274	0.6626719
6682.674817	0.6597588
6685.523084	0.6554047
6688.135823	0.6495639
6690.547303	0.6429366
6693.402205	0.6351423
6696.060795	0.6280955
6698.446820	0.6219541
6701.297495	0.6147112
6703.981460	0.6085537
6706.369158	0.6042072
6709.204254	0.6013101
6712.064667	0.5999503
6714.484394	0.5984838
6717.112979	0.5968678
6719.962023	0.5946749
6722.605158	0.5931687
6725.198678	0.5918267
6727.870138	0.5906081
6730.538361	0.5892920
6733.129005	0.5878209
6735.791206	0.5858207
6738.487365	0.5830665
6741.090449	0.5794540
6743.733476	0.5751793
6746.618025	0.5697327
6749.285848	0.5647283
6751.702527	0.5603234
6754.588167	0.5563941
6757.479558	0.5534070
6759.889250	0.5515965
6762.589632	0.5492805
6765.490959	0.5465097
6768.133065	0.5433922
6770.793920	0.5395544
6773.522822	0.5353987
6776.193655	0.5303240
6778.853942	0.5251368
6781.771424	0.5194742
6785.059976	0.5137607
6788.364678	0.5087468
6791.641368	0.5043530
6795.120799	0.4999295
6798.411747	0.4966363
6801.734797	0.4942283
6805.235926	0.4920245
6808.745614	0.4898966
6812.082401	0.4880145
6815.382606	0.4858964
6818.688885	0.4833861
6822.017854	0.4803345
6825.537367	0.4764076
6829.064182	0.4720364
6832.414989	0.4676170
6835.758048	0.4636009
6839.295920	0.4594343
6842.641080	0.4554694
6845.994503	0.4513854
6849.552278	0.4466225
6852.923541	0.4417389
6856.322669	0.4373409
6859.915989	0.4327245
6863.332440	0.4285460
6866.726870	0.4241729
6870.116166	0.4198532
6873.525272	0.4155990
6876.935417	0.4115837
6880.361775	0.4078582
6883.983714	0.4044089
6887.615881	0.4007946
6891.060679	0.3973489
6894.271958	0.3938841
6897.711870	0.3905733
6901.355165	0.3873961
6904.783929	0.3841379
6908.237111	0.3810990
6911.893830	0.3775717
6915.345120	0.3740536
6918.974740	0.3702183
6923.042194	0.3657764
6927.110991	0.3615521
6931.183160	0.3572611
6935.266844	0.3534478
6939.350666	0.3495604
6943.446858	0.3455402
6947.549735	0.3413645
6951.653180	0.3369558
6955.771106	0.3323599
6959.893719	0.3276714
6964.016100	0.3229605
6968.150158	0.3182636
6972.281523	0.3136357
6976.423773	0.3090403
6980.576114	0.3046214
6984.724117	0.3004943
6988.883884	0.2965385
6993.049653	0.2925621
6997.412731	0.2886167
7001.805273	0.2844730
7005.977158	0.2807102
7010.154234	0.2767952
7014.347760	0.2729731
7018.533589	0.2689577
7022.722543	0.2649620
7026.920063	0.2608643
7031.106904	0.2566524
7035.309855	0.2524909
7039.517629	0.2484474
7043.716783	0.2445286
7047.924111	0.2404159
7052.135419	0.2364500
7056.348179	0.2325122
7060.572951	0.2284342
7064.992747	0.2241782
7069.435220	0.2198987
7073.673381	0.2157295
7077.899007	0.2116608
7082.140103	0.2075180
7086.604124	0.2032192
7091.274613	0.1987425
7095.956181	0.1945149
7100.854453	0.1899826
7105.753161	0.1854526
7110.656415	0.1809829
7115.568612	0.1765714
7120.285631	0.1724765
7125.002515	0.1686187
7129.949176	0.1644089
7134.891940	0.1599443
7139.624689	0.1558452
7144.580686	0.1513384
7149.522960	0.1469307
7154.478875	0.1423135
7159.457369	0.1377756
7164.217797	0.1335338
7168.991561	0.1293037
7173.984101	0.1248826
7178.984815	0.1203920
7183.980878	0.1159998
7188.980797	0.1115266
7194.003041	0.1070804
7199.037793	0.1026536
7203.871220	0.0984027
7208.714615	0.0940228
7213.784419	0.0895797
7218.848509	0.0851996
7223.922924	0.0807746
7229.027828	0.0764509
7233.918621	0.0721882
7238.825203	0.0681100
7243.735474	0.0639499
7248.884813	0.0596267
7254.031479	0.0554196
7258.954696	0.0512409
7264.106132	0.0469845
7269.272115	0.0426917
7274.215244	0.0387041
7279.402712	0.0344964
7284.589339	0.0301802
7290.027151	0.0257390
7295.656228	0.0211441
7301.088459	0.0166658
7306.555573	0.0122228
7312.257080	0.0077062
7317.940563	0.0031002
7323.394063	-0.001360
7328.905863	-0.005801
7334.404950	-0.010147
7340.129925	-0.014753
7346.043072	-0.019508
7351.786655	-0.024038
7357.319194	-0.028428
7362.837725	-0.032775
7368.578593	-0.037256
7374.332268	-0.041817
7379.900902	-0.046280
7385.465519	-0.050486
7391.257146	-0.055084
7397.034016	-0.059592
7402.623957	-0.063975
7408.228904	-0.068283
7414.061730	-0.072771
7419.884130	-0.077323
7425.483417	-0.081510
7431.127120	-0.086011
7437.012906	-0.090358
7442.883657	-0.094893
7448.753321	-0.099451
7454.681631	-0.103795
7460.389681	-0.108163
7466.081896	-0.112564
7472.005516	-0.117073
7477.956783	-0.121387
7483.699511	-0.125702
7489.431100	-0.129910
7495.392293	-0.134312
7501.353693	-0.138817
7507.113382	-0.143046
7513.134085	-0.147528
7519.345958	-0.152111
7525.582966	-0.156695
7531.882755	-0.161318
7538.158488	-0.165909
7544.404045	-0.170438
7550.732457	-0.175082
7557.049802	-0.179588
7563.565976	-0.184400
7569.911875	-0.189078
7576.014712	-0.193480
7582.550392	-0.198149
7589.099928	-0.202892
7595.459068	-0.207563
7601.781897	-0.212141
7608.096666	-0.216605
7614.478590	-0.221159
7620.865142	-0.225790
7627.445381	-0.230522
7634.113092	-0.235273
7640.536510	-0.239770
7646.937378	-0.244390
7653.353208	-0.249014
7659.846407	-0.253551
7666.300127	-0.258084
7672.762029	-0.262612
7679.282819	-0.267055
7685.810444	-0.271683
7692.544460	-0.276450
7699.094512	-0.280930
7705.664566	-0.285436
7712.437206	-0.290132
7718.999097	-0.294655
7725.601551	-0.299156
7732.190193	-0.303615
7738.775929	-0.308222
7745.464669	-0.312687
7752.129081	-0.317222
7758.791537	-0.321766
7765.541887	-0.326289
7772.324635	-0.330820
7779.300411	-0.335590
7786.371755	-0.340225
7793.173069	-0.344730
7800.183493	-0.349327
7807.275506	-0.353913
7814.105437	-0.358439
7821.146303	-0.363058
7828.278360	-0.367652
7835.398639	-0.372341
7842.492426	-0.376945
7849.399213	-0.381363
7856.545500	-0.386044
7863.679357	-0.390531
7870.908613	-0.395153
7878.348276	-0.399967
7885.566208	-0.404503
7892.568889	-0.409006
7899.780409	-0.413542
7907.065051	-0.418063
7914.097795	-0.422468
7921.351788	-0.427143
7928.680009	-0.431695
7936.030715	-0.436160
7943.314946	-0.440731
7950.426147	-0.445099
7957.777646	-0.449686
7965.130024	-0.454152
7972.288756	-0.458449
7979.678774	-0.462985
7987.035225	-0.467460
7994.480941	-0.471893
8002.126129	-0.476520
8009.533785	-0.480942
8016.719813	-0.485149
8024.134459	-0.489647
8031.567463	-0.493988
8039.072426	-0.498461
8046.495011	-0.502893
