6205.960938	1.5102558
6213.446214	1.4976527
6219.213452	1.4881826
6224.991469	1.4785466
6230.617217	1.4691170
6236.282721	1.4595360
6242.139070	1.4498211
6248.013944	1.4401414
6253.722231	1.4305580
6259.454720	1.4212081
6265.375030	1.4114449
6271.310283	1.4017730
6277.087906	1.3924083
6282.863423	1.3829843
6288.824684	1.3732746
6294.800105	1.3637501
6300.611944	1.3542999
6306.410555	1.3450189
6312.402362	1.3355257
6318.401909	1.3259255
6324.405667	1.3162802
6330.241029	1.3071983
6336.086411	1.2978354
6342.133163	1.2883928
6348.201294	1.2788955
6354.105071	1.2696874
6360.006820	1.2604575
6366.096137	1.2509056
6372.200399	1.2415199
6378.148030	1.2324053
6384.076677	1.2233548
6390.198856	1.2138333
6396.343908	1.2045716
6402.502182	1.1951500
6408.483751	1.1861653
6414.482460	1.1770538
6420.680652	1.1677199
6426.904378	1.1585021
6432.966642	1.1494051
6439.036991	1.1403285
6445.324612	1.1311361
6451.634879	1.1218045
6457.779546	1.1128971
6463.914604	1.1040409
6470.065429	1.0951854
6476.245940	1.0863090
6482.609090	1.0773816
6488.787660	1.0687274
6494.988221	1.0601922
6501.389970	1.0516045
6506.373047	1.0449231
6508.332629	1.0426881
6508.724552	1.0419464
6509.109397	1.0418907
6509.469342	1.0411523
6509.811506	1.0405137
6510.278479	1.0403465
6510.752654	1.0397153
6511.105658	1.0390633
6511.505064	1.0384866
6511.904522	1.0381572
6512.300465	1.0376812
6512.685754	1.0371291
6513.042547	1.0370335
6513.385106	1.0362818
6513.849049	1.0356127
6514.320201	1.0349480
6514.673611	1.0350034
6515.073478	1.0340690
6515.469825	1.0336102
6515.866223	1.0336980
6516.251956	1.0333174
6516.609159	1.0327502
6516.952113	1.0327163
6517.418377	1.0316522
6517.891858	1.0309577
6518.245676	1.0308943
6518.642429	1.0301298
6519.042807	1.0294984
6519.436087	1.0297042
6519.822264	1.0293365
6520.183455	1.0288696
6520.530381	1.0283107
6520.995394	1.0283272
6521.471210	1.0272526
6521.825437	1.0275513
6522.222648	1.0268003
6522.623489	1.0262092
6523.017222	1.0262909
6523.403845	1.0262634
6523.761873	1.0252405
6524.105618	1.0252458
6524.572958	1.0247775
6525.043950	1.0243286
6525.398584	1.0239574
6525.799835	1.0241494
6526.197555	1.0237559
6526.591742	1.0235411
6526.978810	1.0233920
6527.337250	1.0228524
6527.681391	1.0233642
6528.151062	1.0227013
6528.624390	1.0227212
6528.975847	1.0224384
6529.373973	1.0223461
6529.775738	1.0221097
6530.173967	1.0224000
6530.561482	1.0224960
6530.923924	1.0223058
6531.268463	1.0226378
6531.736881	1.0226493
6532.212551	1.0231155
6532.564413	1.0228464
6532.963000	1.0238630
6533.365229	1.0245614
6533.760326	1.0249518
6534.144696	1.0262288
6534.507556	1.0274974
6534.852492	1.0291092
6535.319653	1.0343521
6535.794074	1.0437575
6536.146342	1.0546241
6536.541793	1.0689781
6536.944485	1.0834076
6537.340037	1.0944819
6537.728446	1.1011632
6538.095321	1.1028154
6538.440655	1.1033562
6538.908355	1.1102190
6539.383323	1.1199255
6539.735998	1.1259653
6540.135504	1.1321206
6540.538661	1.1379033
6540.938271	1.1427222
6541.327129	1.1484867
6541.690827	1.1537121
6542.036560	1.1609447
6542.508404	1.1768556
6542.980318	1.2017564
6543.329797	1.2262416
6543.729765	1.2599825
6544.129784	1.3021288
6544.526250	1.3528443
6544.915556	1.4103251
6545.283279	1.4708570
6545.789870	1.5590125
6546.256873	1.6441631
6546.574258	1.7016452
6546.924140	1.7634938
6547.320962	1.8273784
6547.725050	1.8902347
6548.121974	1.9497340
6548.515339	2.0042959
6548.879877	2.0582333
6549.390663	2.1450331
6549.858205	2.2433620
6550.179568	2.3166538
6550.529856	2.3947926
6550.930748	2.4736431
6551.335305	2.5521218
6551.732688	2.6251871
6552.122895	2.6896119
6552.491469	2.7439515
6553.001040	2.8070932
6553.467316	2.8523470
6553.785436	2.8709760
6554.136129	2.8826339
6554.533869	2.8895839
6554.935276	2.8925054
6555.333118	2.8947574
6555.727393	2.8958351
6556.096393	2.8955541
6556.606553	2.8863506
6557.076988	2.8620793
6557.395475	2.8375877
6557.742954	2.8095614
6558.144774	2.7811329
6558.546646	2.7533527
6558.948570	2.7311985
6559.343302	2.7133502
6559.712729	2.7010707
6560.225292	2.6897200
6560.694460	2.6820041
6561.016940	2.6770178
6561.364822	2.6714414
6561.763484	2.6658412
6562.169446	2.6585056
6562.568211	2.6508746
6562.963400	2.6417655
6563.329630	2.6309445
6563.842786	2.6139415
6564.312498	2.5966443
6564.631724	2.5856726
6564.976380	2.5774277
6565.375503	2.5695343
6565.778306	2.5628342
6566.181160	2.5587721
6566.576807	2.5556004
6566.947091	2.5523409
6567.462656	2.5511511
6567.934728	2.5504364
6568.254324	2.5505662
6568.599379	2.5521369
6568.998965	2.5536253
6569.405868	2.5547627
6569.805557	2.5574283
6570.201662	2.5569404
6570.576009	2.5572194
6571.093991	2.5542512
6571.564793	2.5483627
6571.884760	2.5419428
6572.230216	2.5340693
6572.626628	2.5233790
6573.034003	2.5130122
6573.430518	2.5008059
6573.827082	2.4881540
6574.198224	2.4737098
6574.554854	2.4587441
6574.878766	2.4442818
6575.188152	2.4296267
6575.508490	2.4146675
6575.850706	2.4006320
6576.247577	2.3869473
6576.655423	2.3728134
6577.056038	2.3599416
6577.453062	2.3476767
6577.828277	2.3349040
6578.185320	2.3229306
6578.513252	2.3116441
6578.819353	2.3006398
6579.140063	2.2890963
6579.486320	2.2789562
6579.883652	2.2688102
6580.291972	2.2601878
6580.696698	2.2526880
6581.097830	2.2444526
6581.469835	2.2388218
6581.827293	2.2328329
6582.155607	2.2276680
6582.465712	2.2240164
6582.786795	2.2198211
6583.129806	2.2173876
6583.523950	2.2147146
6583.932744	2.2123979
6584.334290	2.2107235
6584.732237	2.2094823
6585.108324	2.2084857
6585.466197	2.2075351
6585.794892	2.2071785
6586.105357	2.2076383
6586.423160	2.2078107
6586.766569	2.2086143
6587.161170	2.2083460
6587.570438	2.2098205
6587.972451	2.2106572
6588.370859	2.2124878
6588.751039	2.2152037
6589.109327	2.2171283
6589.438404	2.2199716
6589.749230	2.2235442
6590.071059	2.2280602
6590.414867	2.2330499
6590.809927	2.2386572
6591.219671	2.2456671
6591.625810	2.2524453
6592.028342	2.2593619
6592.401645	2.2666888
6592.764011	2.2747233
6593.093470	2.2835140
6593.404658	2.2917480
6593.726862	2.3012996
6594.067409	2.3094963
6594.459266	2.3176081
6594.869487	2.3255395
6595.272435	2.3326393
6595.671770	2.3403214
6596.049170	2.3461461
6596.411957	2.3523571
6596.745465	2.3583667
6597.057015	2.3632119
6597.375927	2.3685096
6597.716870	2.3745197
6598.109182	2.3807824
6598.519880	2.3859218
6599.128691	2.3932896
6600.553990	2.4088248
6602.584275	2.4182338
6604.389176	2.4167028
6606.245844	2.4094554
6608.055788	2.3993772
6609.916092	2.3870811
6611.910319	2.3711807
6613.990814	2.3550977
6615.752854	2.3419300
6617.670837	2.3323991
6619.440842	2.3285442
6621.366240	2.3309496
6623.142016	2.3391119
6625.063017	2.3488749
6627.020835	2.3581367
6629.143288	2.3592464
6630.897506	2.3548432
6632.855854	2.3478244
6634.606941	2.3413750
6636.560165	2.3380090
6638.311818	2.3372438
6640.445705	2.3376154
6642.408485	2.3379803
6644.357600	2.3352884
6646.137399	2.3283694
6648.098495	2.3156410
6649.884870	2.2984410
6651.840080	2.2785339
6653.615877	2.2570916
6655.727731	2.2347623
6657.722666	2.2139559
6659.624386	2.1971432
6661.438211	2.1836436
6663.349645	2.1751898
6665.162602	2.1710808
6667.240549	2.1723255
6669.087475	2.1776330
6670.971745	2.1849539
6673.024706	2.1944865
6675.064840	2.2042410
6677.539500	2.2148561
6680.110693	2.2248903
6682.741529	2.2326948
6685.418151	2.2369202
6688.010258	2.2382720
6690.615798	2.2366646
6693.296877	2.2317521
6695.932127	2.2236329
6698.518729	2.2131799
6701.187510	2.2002125
6703.855812	2.1846139
6706.447749	2.1691610
6709.092234	2.1551019
6711.949493	2.1444269
6714.572512	2.1386628
6716.998575	2.1370778
6719.852144	2.1364485
6722.497208	2.1352821
6724.902107	2.1318917
6727.767149	2.1265515
6730.625192	2.1211563
6733.216999	2.1178481
6735.873256	2.1165107
6738.570031	2.1165831
6741.175922	2.1162847
6743.812986	2.1143029
6746.520814	2.1126257
6749.162809	2.1080795
6751.781135	2.1028382
6754.665195	2.0944040
6757.375663	2.0826211
6759.785554	2.0711035
6762.664920	2.0562509
6765.569352	2.0422165
6768.010871	2.0321882
6770.689827	2.0228963
6773.598089	2.0148475
6776.278954	2.0081092
6778.932105	2.0031661
6781.846675	1.9997682
6785.132550	1.9976623
6788.436190	1.9963393
6791.712357	1.9947889
6794.990860	1.9927698
6798.299893	1.9908403
6801.802967	1.9897201
6805.304170	1.9878668
6808.625572	1.9863008
6811.943289	1.9823950
6815.445831	1.9762335
6818.753210	1.9691744
6822.080334	1.9609657
6825.597727	1.9519463
6828.926696	1.9432886
6832.276157	1.9355234
6835.819036	1.9270103
6839.360928	1.9188529
6842.710330	1.9121825
6846.060964	1.9059841
6849.413819	1.9007405
6852.802526	1.8950648
6856.394638	1.8885472
6859.990689	1.8816482
6863.420547	1.8750416
6866.624390	1.8689474
6870.018568	1.8630889
6873.626026	1.8572083
6877.033387	1.8518720
6880.456512	1.8467054
6884.075438	1.8418112
6887.516035	1.8372378
6890.925424	1.8324912
6894.343311	1.8274333
6897.785198	1.8219531
6901.215963	1.8162841
6904.663288	1.8100999
6908.309775	1.8021766
6911.960288	1.7943085
6915.412377	1.7870010
6918.840059	1.7802583
6922.704028	1.7732699
6926.968085	1.7661409
6931.247387	1.7588840
6935.334406	1.7530962
6939.417903	1.7476899
6943.514994	1.7426105
6947.618364	1.7373282
6951.725165	1.7318231
6955.843590	1.7254105
6959.961782	1.7191257
6964.087532	1.7124284
6968.225789	1.7062281
6972.358071	1.6999789
6976.500828	1.6941851
6980.655327	1.6881392
6984.805080	1.6821158
6988.968670	1.6761780
6993.135787	1.6698787
6997.297727	1.6636028
7001.472726	1.6568430
7005.647939	1.6496304
7009.827101	1.6421663
7014.026053	1.6347725
7018.220660	1.6277731
7022.415073	1.6206724
7026.818228	1.6131937
7031.224594	1.6059217
7035.423498	1.5991720
7039.628475	1.5925972
7043.829449	1.5862782
7048.042810	1.5802214
7052.253001	1.5741951
7056.462110	1.5684173
7060.684067	1.5628054
7064.898179	1.5572517
7069.121352	1.5517475
7073.560489	1.5461381
7077.995829	1.5400435
7082.221739	1.5345263
7086.671469	1.5281684
7091.336237	1.5215712
7096.022547	1.5143396
7100.704045	1.5071123
7105.610807	1.4996910
7110.513532	1.4923455
7115.414659	1.4849897
7120.355990	1.4779395
7125.075320	1.4714446
7129.801564	1.4646428
7134.755956	1.4579459
7139.694660	1.4510315
7144.652137	1.4439815
7149.591163	1.4371146
7154.545103	1.4303004
7159.521420	1.4238787
7164.279165	1.4175716
7169.051428	1.4115266
7174.046339	1.4050120
7179.048435	1.3983321
7184.053882	1.3914468
7189.058958	1.3845406
7193.863668	1.3779132
7198.887753	1.3709952
7203.945713	1.3638441
7208.786004	1.3570125
7213.627044	1.3500738
7218.703775	1.3429329
7223.776535	1.3355537
7228.869996	1.3283781
7233.984067	1.3214181
7238.896001	1.3147740
7243.811233	1.3082902
7248.722460	1.3019623
7253.884292	1.2953855
7259.016951	1.2888603
7264.161042	1.2823198
7269.321904	1.2761871
7274.271234	1.2704479
7279.235353	1.2642895
7284.420912	1.2580161
7289.856076	1.2512443
7295.489256	1.2441127
7301.142820	1.2369859
7306.610396	1.2301436
7312.075510	1.2230836
7317.767890	1.2157542
7323.441172	1.2084065
7328.937064	1.2013727
7334.432770	1.1943818
7340.159170	1.1874418
7345.861283	1.1803509
7351.358900	1.1734613
7357.122958	1.1662779
7362.871147	1.1593217
7368.611627	1.1522954
7374.378133	1.1452852
7379.970000	1.1386556
7385.535113	1.1319717
7391.094234	1.1253079
7396.868811	1.1182511
7402.690391	1.1113073
7408.295442	1.1046382
7414.131165	1.0977995
7419.948153	1.0906445
7425.548713	1.0840364
7431.193694	1.0773527
7437.078805	1.0703191
7442.954772	1.0631225
7448.817983	1.0561923
7454.746279	1.0492744
7460.447719	1.0424088
7466.141608	1.0356849
7472.059995	1.0287593
7478.007963	1.0218289
7483.748389	1.0151595
7489.476872	1.0084878
7495.426517	1.0016560
7501.385639	0.9948225
7507.144179	0.9882611
7513.161821	0.9813185
7519.369667	0.9741867
7525.606715	0.9670245
7531.899483	0.9598570
7538.174128	0.9526512
7544.419338	0.9455525
7550.747403	0.9382821
7557.059160	0.9311527
7563.570502	0.9238898
7569.894376	0.9168099
7575.987622	0.9100061
7582.531492	0.9026471
7589.103327	0.8953575
7595.465120	0.8882130
7601.793265	0.8812410
7608.109951	0.8743585
7614.486194	0.8672602
7620.876188	0.8602627
7627.457428	0.8530587
7634.125324	0.8457601
7640.546466	0.8389626
7646.938529	0.8320300
7653.364352	0.8251568
7659.854491	0.8182896
7666.308225	0.8115208
7672.762416	0.8046405
7679.291719	0.7979594
7685.821298	0.7909529
7692.548067	0.7839800
7699.105048	0.7772104
7705.676870	0.7702944
7712.435644	0.7633385
7718.998315	0.7565707
7725.616048	0.7499325
7732.198043	0.7431251
7738.786545	0.7363063
7745.472547	0.7294146
7752.141709	0.7226584
7758.795094	0.7158055
7765.534759	0.7092941
7772.324238	0.7024121
7779.300042	0.6953523
7786.356224	0.6884182
7793.148734	0.6815689
7800.162339	0.6745675
7807.247075	0.6676797
7814.344935	0.6605503
7821.385415	0.6534841
7828.260241	0.6468514
7835.371293	0.6396295
7842.460900	0.6326467
7849.366010	0.6258553
7856.516118	0.6190203
7863.917479	0.6117388
7871.138694	0.6046190
7878.312663	0.5976168
7885.529418	0.5904418
7892.534898	0.5837135
7899.746120	0.5766831
7907.024354	0.5695790
7914.057023	0.5628023
7921.317305	0.5556416
7928.635775	0.5487475
7935.982638	0.5416200
7943.269298	0.5346058
7950.382493	0.5279603
7957.740900	0.5209264
7965.076187	0.5139014
7972.242344	0.5070827
7979.645709	0.5000083
7987.270966	0.4927841
7994.727140	0.4857923
8002.106566	0.4789394
8009.517743	0.4719421
8016.698243	0.4653293
8024.123442	0.4584913
8031.554726	0.4515688
8037.645804	0.4461142
