6206.295161	1.4162078
6213.460395	1.4045840
6219.225503	1.3951496
6225.001561	1.3856309
6230.627158	1.3764416
6236.290500	1.3672340
6242.146682	1.3576694
6248.020301	1.3479932
6253.728012	1.3388098
6259.458913	1.3295916
6265.379780	1.3201114
6271.315775	1.3106349
6277.092179	1.3014744
6282.869671	1.2922801
6288.829288	1.2828267
6294.804902	1.2733445
6300.618403	1.2641909
6306.416296	1.2552811
6312.406816	1.2458813
6318.406372	1.2364937
6324.246352	1.2275068
6330.073827	1.2185287
6336.085662	1.2092409
6342.130726	1.1999924
6348.197913	1.1908195
6354.094112	1.1818570
6359.992867	1.1729243
6366.084990	1.1637625
6372.189797	1.1545411
6378.137988	1.1455323
6384.065653	1.1367598
6390.187810	1.1275359
6396.333222	1.1185110
6402.490135	1.1094377
6408.470564	1.1006144
6414.470750	1.0917177
6420.669495	1.0825895
6426.894354	1.0736694
6432.956622	1.0648192
6439.027508	1.0561011
6445.315497	1.0470273
6451.626718	1.0379983
6457.772124	1.0293330
6463.906995	1.0206657
6470.060255	1.0120880
6476.239672	1.0034396
6482.602220	0.9947681
6488.779746	0.9861906
6494.979549	0.9780000
6501.382663	0.9694398
6506.365570	0.9629757
6508.325504	0.9604309
6508.720989	0.9601328
6509.102270	0.9597867
6509.462214	0.9590198
6509.807942	0.9586404
6510.273132	0.9579694
6510.745523	0.9571631
6511.102092	0.9569959
6511.497932	0.9566907
6511.893822	0.9561865
6512.293330	0.9558967
6512.678619	0.9557530
6513.035411	0.9552944
6513.377969	0.9546312
6513.843695	0.9538981
6514.313061	0.9528683
6514.666471	0.9525657
6515.062766	0.9526208
6515.462683	0.9519438
6515.859080	0.9521208
6516.241241	0.9509603
6516.602015	0.9506835
6516.948541	0.9503184
6517.413017	0.9498993
6517.884710	0.9496303
6518.238528	0.9486479
6518.635280	0.9483952
6519.035657	0.9480410
6519.432511	0.9475647
6519.818688	0.9475171
6520.179879	0.9468877
6520.523228	0.9463765
6520.991817	0.9459700
6521.467633	0.9453436
6521.821858	0.9456686
6522.219069	0.9442753
6522.619909	0.9446042
6523.013643	0.9442918
6523.396685	0.9435859
6523.758292	0.9435694
6524.102037	0.9432043
6524.567586	0.9425807
6525.040368	0.9421877
6525.391419	0.9418048
6525.792669	0.9416274
6526.190388	0.9413420
6526.588158	0.9407628
6526.975226	0.9411660
6527.337250	0.9407286
6527.681391	0.9405060
6528.147477	0.9398745
6528.620804	0.9398572
6528.972260	0.9397708
6529.370386	0.9392375
6529.772151	0.9391180
6530.170379	0.9390997
6530.557894	0.9392830
6530.920336	0.9384947
6531.268463	0.9388637
6531.735087	0.9390710
6532.208961	0.9389345
6532.560823	0.9393401
6532.959409	0.9398944
6533.358046	0.9398127
6533.756734	0.9401934
6534.141103	0.9408226
6534.503963	0.9416697
6534.848899	0.9421115
6535.317857	0.9445469
6535.790480	0.9477929
6536.142747	0.9519988
6536.538197	0.9585578
6536.940889	0.9701159
6537.336440	0.9866584
6537.724849	1.0055771
6538.091724	1.0223936
6538.437057	1.0370993
6538.908355	1.0601291
6539.379725	1.0845279
6539.732399	1.0950598
6540.131905	1.0966381
6540.531462	1.0901002
6540.934670	1.0793263
6541.323528	1.0677555
6541.687226	1.0580395
6542.036560	1.0515193
6542.504801	1.0451539
6542.976716	1.0402250
6543.326194	1.0371939
6543.726161	1.0363534
6544.126180	1.0376815
6544.526250	1.0414035
6544.911951	1.0475333
6545.276068	1.0555804
6545.784462	1.0732086
6546.253266	1.0967743
6546.570651	1.1172171
6546.920533	1.1415386
6547.317354	1.1711887
6547.721442	1.2072587
6548.118365	1.2514652
6548.511730	1.3071440
6548.876267	1.3756927
6549.387053	1.5074466
6549.854595	1.6563777
6550.175957	1.7459459
6550.526244	1.8138006
6550.927136	1.8589939
6551.328080	1.8904967
6551.729075	1.9187929
6552.122895	1.9509466
6552.487856	1.9899899
6552.997426	2.0658969
6553.463702	2.1628463
6553.781821	2.2406283
6554.132513	2.3281487
6554.530253	2.4249490
6554.931660	2.5357096
6555.333118	2.6600142
6555.723776	2.7893239
6556.092776	2.9071728
6556.602935	3.0298493
6557.073369	3.0895345
6557.391856	3.0957034
6557.742954	3.0871004
6558.141154	3.0713265
6558.543025	3.0516246
6558.944948	3.0330217
6559.339680	3.0212180
6559.709107	3.0125813
6560.223480	3.0081334
6560.694460	3.0018415
6561.013317	2.9938103
6561.361198	2.9771431
6561.763484	2.9541023
6562.165821	2.9253764
6562.564585	2.8940074
6562.959775	2.8650244
6563.326004	2.8418194
6563.840973	2.8229581
6564.308870	2.8178816
6564.628096	2.8172640
6564.976380	2.8143382
6565.371874	2.8052592
6565.778306	2.7868868
6566.177531	2.7630271
6566.573177	2.7351438
6566.943460	2.7066865
6567.460841	2.6692956
6567.931096	2.6437095
6568.250692	2.6321981
6568.595747	2.6263553
6568.991699	2.6225809
6569.398601	2.6223089
6569.798289	2.6247141
6570.198028	2.6300548
6570.746843	2.6440309
6571.252129	2.6628394
6571.561157	2.6760319
6571.881124	2.6895597
6572.226579	2.7034957
6572.622991	2.7162600
6573.026728	2.7260323
6573.430518	2.7332806
6573.823443	2.7401617
6574.194585	2.7440083
6574.551214	2.7457339
6574.878766	2.7449973
6575.188152	2.7399779
6575.504850	2.7323691
6575.847065	2.7204706
6576.243935	2.7059695
6576.651781	2.6886028
6577.052396	2.6702835
6577.449419	2.6490623
6577.824634	2.6299866
6578.181676	2.6095590
6578.509608	2.5896402
6578.819353	2.5703645
6579.140063	2.5504665
6579.482675	2.5312859
6579.880006	2.5104526
6580.288326	2.4900463
6580.693052	2.4691705
6581.090537	2.4475339
6581.466188	2.4264840
6581.823645	2.4064469
6582.151958	2.3857166
6582.462063	2.3660954
6582.783146	2.3476734
6583.126156	2.3298521
6583.520300	2.3128153
6583.929094	2.2964342
6584.330640	2.2799929
6584.728586	2.2658042
6585.101021	2.2500114
6585.462545	2.2367781
6585.791240	2.2236383
6586.101705	2.2123562
6586.419507	2.2023789
6586.762915	2.1933571
6587.157516	2.1858836
6587.566784	2.1804759
6587.968796	2.1761246
6588.370859	2.1727855
6588.747383	2.1710217
6589.109327	2.1714586
6589.438404	2.1725389
6589.749230	2.1741532
6590.067401	2.1771247
6590.411209	2.1815705
6590.806269	2.1853737
6591.219671	2.1897880
6591.622151	2.1940812
6592.024682	2.1987785
6592.401645	2.2027533
6592.760350	2.2052797
6593.093470	2.2079776
6593.404658	2.2107359
6593.723201	2.2118901
6594.063747	2.2128492
6594.455604	2.2135544
6594.865824	2.2139433
6595.268771	2.2142408
6595.668106	2.2139277
6596.049170	2.2121220
6596.411957	2.2107710
6596.741800	2.2093701
6597.053349	2.2075488
6597.375927	2.2050235
6597.713203	2.2030154
6598.105516	2.2013005
6598.516213	2.2003273
6599.123189	2.1998457
6600.550932	2.2044745
6602.582807	2.2260935
6604.386972	2.2601816
6606.242167	2.2939908
6608.054317	2.3177533
6609.915356	2.3357448
6611.912774	2.3621036
6613.996710	2.4090148
6615.759492	2.4658173
6617.682644	2.5073181
6619.471113	2.5169349
6621.406134	2.5038390
6623.178236	2.4845612
6625.104437	2.4633132
6627.059074	2.4386859
6629.179577	2.4165053
6630.932334	2.3984382
6632.889962	2.3841168
6634.638842	2.3763753
6636.592085	2.3749873
6638.342271	2.3761189
6640.473577	2.3768078
6642.436746	2.3760716
6644.381413	2.3716326
6646.146334	2.3599401
6648.091045	2.3417110
6649.861015	2.3207170
6651.808752	2.3034165
6653.580799	2.2958806
6655.696613	2.3033540
6657.686795	2.3214513
6659.598215	2.3370951
6661.409781	2.3418189
6663.329432	2.3332678
6665.140879	2.3136504
6667.222435	2.2862626
6669.267102	2.2571572
6671.128464	2.2287673
6673.005182	2.2006342
6675.047308	2.1716043
6677.523387	2.1453255
6680.095642	2.1297273
6682.728617	2.1277045
6685.408459	2.1375640
6688.004330	2.1509673
6690.614180	2.1610754
6693.296877	2.1677978
6695.932127	2.1796469
6698.518188	2.2006645
6701.184804	2.2301909
6703.850396	2.2522279
6706.439619	2.2596754
6709.083555	2.2561138
6711.940467	2.2462503
6714.558565	2.2332360
6716.986611	2.2196201
6719.839285	2.2049191
6722.481956	2.1943582
6725.084189	2.1881528
6727.929068	2.1842552
6730.602801	2.1785085
6733.190765	2.1670923
6735.846453	2.1520396
6738.542658	2.1383820
6741.147978	2.1263975
6743.787762	2.1159333
6746.495020	2.1077416
6749.136444	2.1030817
6751.757497	2.1031537
6754.642568	2.1075328
6757.349966	2.1100566
6759.760204	2.1081600
6762.642719	2.0990809
6765.545613	2.0883069
6767.985089	2.0797940
6770.666603	2.0716201
6773.571524	2.0609441
6776.249043	2.0478693
6778.903279	2.0323569
6781.819002	2.0180553
6785.105766	2.0109919
6788.408948	2.0119433
6791.686818	2.0125999
6794.964537	2.0070523
6798.276471	1.9944368
6801.783428	1.9812790
6805.286348	1.9746310
6808.796526	1.9758538
6812.133365	1.9788421
6815.431441	1.9814443
6818.736515	1.9816791
6822.065041	1.9802505
6825.582418	1.9784176
6829.107093	1.9758977
6832.456410	1.9692545
6835.799292	1.9581858
6839.338966	1.9479133
6842.690544	1.9429233
6846.046440	1.9389961
6849.403410	1.9330710
6852.810465	1.9253195
6856.414065	1.9138714
6860.008370	1.9022308
6863.425525	1.8938890
6866.820772	1.8893382
6870.210442	1.8855589
6873.618481	1.8811353
6877.028388	1.8747379
6880.454733	1.8665784
6884.074102	1.8600917
6887.517539	1.8589001
6890.940148	1.8598627
6894.356376	1.8595788
6897.783856	1.8556573
6901.417831	1.8451685
6904.845932	1.8302024
6908.294973	1.8151784
6911.952205	1.8025359
6915.407320	1.7938587
6918.837809	1.7858979
6922.702812	1.7772879
6926.966978	1.7667552
6931.247387	1.7567170
6935.334813	1.7521680
6939.418718	1.7502697
6943.520706	1.7486741
6947.624900	1.7459358
6951.727210	1.7420314
6955.842771	1.7395490
6959.956862	1.7382013
6964.079321	1.7356044
6968.217979	1.7304640
6972.349840	1.7242174
6976.488878	1.7170074
6980.642950	1.7091210
6984.791448	1.7011377
6988.949645	1.6944461
6993.114667	1.6872223
6997.275751	1.6785581
7001.451138	1.6682050
7005.627987	1.6578651
7009.802963	1.6499355
7014.194101	1.6435671
7018.599516	1.6365799
7022.798162	1.6282801
7027.008743	1.6206424
7031.199045	1.6147507
7035.400014	1.6094549
7039.600344	1.6052439
7043.793715	1.6018780
7048.002401	1.5993193
7052.209171	1.5959274
7056.414850	1.5892388
7060.635479	1.5804542
7064.849955	1.5727496
7069.276992	1.5658978
7073.725549	1.5583355
7077.947842	1.5500057
7082.179645	1.5411507
7086.628120	1.5326657
7091.291279	1.5244765
7095.975198	1.5172935
7100.657019	1.5106978
7105.565497	1.5038316
7110.470658	1.4955368
7115.376017	1.4873621
7120.314165	1.4804360
7125.030698	1.4747859
7129.762759	1.4697488
7134.724652	1.4651687
7139.666750	1.4608674
7144.622185	1.4559814
7149.560018	1.4507291
7154.508913	1.4458506
7159.488604	1.4401385
7164.263328	1.4327739
7169.051825	1.4242682
7174.045611	1.4155452
7179.032927	1.4069791
7184.023950	1.3987819
7189.027454	1.3906597
7193.828127	1.3825556
7198.851093	1.3746102
7203.914073	1.3674254
7208.748705	1.3612476
7213.591300	1.3555053
7218.674280	1.3497487
7223.747936	1.3442081
7228.847810	1.3379396
7233.962251	1.3313589
7238.865254	1.3249283
7243.776392	1.3175976
7248.693250	1.3100170
7253.848165	1.3022011
7258.981144	1.2946871
7264.126676	1.2876861
7269.291296	1.2814668
7274.237313	1.2760265
7279.200566	1.2701676
7284.388601	1.2636450
7290.052161	1.2556052
7295.684874	1.2474474
7301.113374	1.2398560
7306.574099	1.2331029
7312.042186	1.2266438
7317.733228	1.2199525
7323.401661	1.2132535
7328.898633	1.2072693
7334.631913	1.2007457
7340.344337	1.1940950
7346.039190	1.1875691
7351.784358	1.1806041
7357.309605	1.1733956
7362.825431	1.1656433
7368.570069	1.1579937
7374.339206	1.1508694
7379.928695	1.1438960
7385.490650	1.1371483
7391.277879	1.1299360
7397.058065	1.1225736
7402.646102	1.1155763
7408.251083	1.1087433
7414.083316	1.1018165
7419.898965	1.0946852
7425.498666	1.0875608
7431.140434	1.0807470
7437.030286	1.0741212
7442.900552	1.0673998
7448.772574	1.0604590
7454.705283	1.0535043
7460.406263	1.0467946
7466.096923	1.0399744
7472.012829	1.0326525
7477.961544	1.0255531
7483.705472	1.0186236
7489.436274	1.0118459
7495.385669	1.0045436
7501.343709	0.9972716
7507.102183	0.9901958
7513.114485	0.9830598
7519.325213	0.9757516
7525.566638	0.9684990
7531.864540	0.9614013
7538.136146	0.9541571
7544.375696	0.9474102
7550.697333	0.9406368
7557.011623	0.9342434
7563.526282	0.9269702
7569.853277	0.9202106
7575.948491	0.9135860
7582.483541	0.9063386
7589.032715	0.8989912
7595.391359	0.8918393
7601.716724	0.8843157
7608.038972	0.8768018
7614.422316	0.8697101
7620.828957	0.8625857
7627.407115	0.8552360
7634.071808	0.8479283
7640.493622	0.8407487
7646.891347	0.8331651
7653.305176	0.8259080
7659.795211	0.8188649
7666.265037	0.8121530
7672.714903	0.8054890
7679.244123	0.7985954
7686.023156	0.7915584
7692.745298	0.7842828
7699.316495	0.7772855
7705.869315	0.7703271
7712.390355	0.7634612
7718.964679	0.7568308
7725.563545	0.7498385
7732.149765	0.7428714
7738.740148	0.7359769
7745.424885	0.7289970
7752.099486	0.7220501
7758.753588	0.7150955
7765.467833	0.7081466
7772.240925	0.7010212
7779.211833	0.6937569
7786.267822	0.6865940
7793.066155	0.6800377
7800.111865	0.6730328
7807.200225	0.6658625
7814.288312	0.6587943
7821.335978	0.6516431
7828.197829	0.6450143
7835.321846	0.6379711
7842.403104	0.6309696
7849.578073	0.6238156
7856.723045	0.6167190
7863.853316	0.6095612
7871.084939	0.6024565
7878.260002	0.5953739
7885.465241	0.5886074
7892.468146	0.5817776
7899.683638	0.5746829
7906.956937	0.5675266
7913.990718	0.5606623
7921.247190	0.5536040
7928.568803	0.5466133
7935.916869	0.5396920
7943.198336	0.5326819
7950.317220	0.5259926
7957.680174	0.5190305
7965.011917	0.5119127
7972.428770	0.5051426
7979.821061	0.4982872
7987.201589	0.4914946
7994.661533	0.4846765
8002.036140	0.4777961
8009.442176	0.4709408
8016.634378	0.4642964
8024.053401	0.4574934
8031.480852	0.4504920
8038.132971	0.4443925
