6206.263407	1.4907303
6213.430597	1.4786139
6219.197625	1.4688999
6224.971105	1.4590635
6230.761335	1.4490403
6236.416687	1.4397771
6242.113874	1.4302237
6247.986338	1.4203292
6253.860105	1.4104619
6259.584023	1.4009253
6265.343608	1.3915193
6271.278066	1.3819289
6277.056835	1.3725241
6282.836777	1.3629603
6288.799274	1.3533718
6294.774274	1.3438373
6300.586303	1.3345657
6306.386291	1.3252648
6312.378420	1.3158045
6318.380337	1.3061905
6324.382561	1.2966050
6330.212365	1.2876864
6336.057603	1.2783867
6342.104860	1.2689316
6348.173309	1.2594080
6354.070002	1.2502989
6359.970995	1.2412071
6366.062506	1.2317187
6372.168405	1.2223168
6378.284945	1.2129187
6384.218332	1.2038642
6390.169337	1.1948928
6396.314902	1.1855430
6402.470439	1.1763721
6408.451495	1.1672309
6414.452896	1.1581802
6420.651220	1.1489805
6426.874308	1.1397264
6433.108364	1.1306220
6439.177890	1.1216843
6445.293003	1.1126884
6451.602428	1.1035350
6457.747591	1.0946307
6463.882413	1.0857366
6470.211625	1.0767389
6476.385493	1.0679506
6482.573562	1.0592935
6488.931309	1.0505914
6495.124345	1.0421196
6501.353041	1.0340062
6506.336374	1.0278154
6508.289877	1.0253833
6508.685357	1.0249410
6509.070198	1.0243565
6509.433702	1.0239642
6509.936263	1.0235488
6510.399690	1.0226960
6510.716999	1.0225556
6511.066433	1.0224253
6511.465835	1.0221086
6511.861721	1.0209707
6512.257658	1.0206252
6512.646510	1.0205076
6513.006866	1.0198814
6513.352990	1.0195545
6513.816928	1.0190695
6514.284505	1.0183539
6514.634341	1.0182200
6515.030633	1.0174676
6515.430545	1.0174574
6515.823367	1.0170848
6516.209095	1.0166691
6516.573437	1.0165308
6517.075371	1.0156616
6517.538080	1.0153497
6517.856121	1.0149310
6518.206361	1.0145499
6518.603109	1.0142213
6518.999907	1.0140511
6519.396757	1.0136492
6519.782929	1.0131040
6520.147692	1.0129558
6520.494614	1.0124602
6520.964987	1.0124340
6521.435432	1.0117941
6521.786076	1.0114809
6522.183282	1.0110611
6522.584118	1.0110856
6522.977847	1.0111638
6523.364465	1.0109373
6523.726068	1.0106601
6524.073390	1.0101753
6524.540725	1.0101305
6525.011712	1.0098285
6525.362760	1.0098975
6525.756841	1.0097196
6526.154556	1.0097730
6526.555905	1.0093496
6526.942969	1.0094451
6527.304989	1.0095081
6527.810454	1.0093804
6528.276559	1.0098277
6528.592115	1.0096144
6528.939982	1.0097537
6529.338104	1.0101331
6529.736277	1.0106247
6530.134501	1.0108017
6530.525599	1.0109451
6530.891626	1.0114017
6531.397675	1.0120332
6531.864318	1.0130390
6532.180239	1.0133397
6532.528507	1.0144395
6532.923498	1.0150295
6533.322131	1.0163830
6533.720814	1.0174084
6534.108772	1.0189848
6534.475220	1.0208149
6534.981853	1.0245201
6535.445440	1.0297723
6535.761725	1.0357791
6536.110394	1.0446197
6536.505840	1.0555854
6536.908528	1.0677266
6537.307671	1.0761221
6537.696076	1.0814303
6538.062948	1.0835471
6538.570165	1.0839848
6539.037885	1.0919624
6539.354535	1.1071092
6539.703608	1.1319404
6540.099510	1.1690230
6540.502663	1.2208203
6540.902268	1.2901855
6541.294722	1.3739411
6541.662018	1.4659940
6542.169822	1.6007814
6542.634481	1.7152874
6542.951497	1.7718803
6543.297370	1.8160316
6543.693730	1.8513121
6544.093744	1.8864083
6544.493810	1.9255524
6544.883112	1.9678917
6545.250831	2.0131248
6545.761023	2.0870719
6546.228021	2.1775760
6546.545403	2.2568648
6546.891675	2.3556891
6547.288493	2.4672862
6547.688969	2.5768791
6548.089496	2.6648555
6548.482857	2.7238590
6548.847392	2.7592993
6549.361783	2.7958236
6549.829320	2.8294820
6550.147070	2.8587486
6550.497353	2.8963215
6550.894630	2.9440576
6551.299181	2.9947357
6551.700173	3.0350161
6552.090376	3.0463319
6552.458946	3.0173276
6552.972126	2.9021472
6553.442013	2.7469339
6553.756515	2.6392709
6554.103589	2.5383667
6554.497709	2.4493584
6554.902728	2.3754025
6555.304183	2.3144385
6555.694837	2.2667458
6556.241111	2.2179066
6556.740439	2.1865477
6557.051655	2.1732102
6557.370140	2.1634939
6557.713996	2.1549294
6558.112192	2.1453654
6558.514060	2.1348546
6558.915979	2.1228249
6559.310707	2.1107119
6559.680131	2.1007169
6560.035108	2.0928660
6560.361144	2.0899648
6560.672720	2.0892968
6560.991575	2.0931762
6561.339454	2.0989628
6561.734488	2.1092044
6562.136822	2.1223154
6562.539208	2.1406269
6562.934394	2.1632138
6563.304246	2.1893330
6563.659636	2.2187030
6563.982423	2.2490482
6564.290733	2.2792220
6564.606330	2.3042360
6564.954611	2.3225693
6565.350103	2.3320078
6565.752902	2.3325993
6566.155754	2.3238837
6566.551397	2.3089219
6566.925308	2.2902955
6567.281109	2.2674788
6567.604270	2.2431547
6567.912938	2.2172814
6568.232532	2.1918162
6568.577585	2.1669002
6568.973535	2.1450680
6569.380435	2.1262074
6569.783754	2.1116873
6570.179857	2.1009360
6570.554201	2.0928203
6570.914051	2.0889135
6571.237587	2.0862419
6571.550249	2.0850004
6571.870215	2.0841438
6572.215670	2.0847436
6572.608443	2.0858122
6573.015816	2.0868776
6573.419604	2.0876913
6573.816167	2.0872646
6574.187308	2.0881767
6574.547575	2.0868684
6574.871487	2.0849157
6575.188152	2.0825553
6575.508490	2.0796033
6575.857987	2.0760966
6576.258500	2.0729230
6576.666348	2.0704501
6577.070607	2.0682231
6577.471275	2.0678608
6577.842850	2.0680058
6578.199894	2.0696095
6578.524184	2.0712366
6578.837575	2.0737773
6579.158286	2.0772651
6579.504545	2.0803183
6579.901879	2.0844936
6580.310201	2.0888337
6580.714930	2.0945831
6581.116065	2.0994713
6581.488072	2.1049076
6581.845532	2.1105391
6582.170199	2.1156200
6582.480306	2.1199136
6582.797741	2.1233698
6583.144403	2.1246173
6583.542198	2.1275720
6583.947345	2.1285957
6584.348893	2.1307315
6584.743190	2.1331446
6585.119279	2.1370277
6585.477153	2.1442175
6585.802197	2.1522602
6586.116316	2.1645631
6586.434119	2.1780196
6586.777529	2.1936518
6587.172132	2.2121824
6587.577747	2.2309442
6587.983415	2.2509281
6588.381825	2.2704529
6588.758350	2.2899192
6589.116640	2.3083231
6589.445717	2.3265813
6589.756544	2.3437332
6590.078373	2.3598051
6590.422182	2.3723990
6590.817243	2.3854144
6591.226989	2.3960623
6591.633129	2.4053790
6592.032002	2.4125658
6592.408965	2.4180713
6592.767671	2.4212520
6593.097131	2.4220197
6593.408320	2.4205854
6593.726862	2.4193676
6594.071071	2.4160668
6594.462929	2.4139406
6594.869487	2.4128336
6595.276098	2.4107519
6595.675434	2.4089719
6596.052835	2.4072607
6596.415622	2.4036681
6596.749130	2.4010832
6597.060680	2.3959929
6597.379593	2.3891817
6597.720536	2.3810638
6598.109182	2.3712153
6598.519880	2.3609768
6599.126857	2.3430113
6600.553990	2.2955670
6602.580603	2.2375721
6604.385502	2.1981007
6606.239227	2.1740870
6608.224137	2.1487293
6610.109323	2.1153680
6611.899884	2.0833623
6613.979758	2.0633043
6615.741055	2.0642061
6617.656079	2.0818329
6619.426075	2.1104510
6621.347771	2.1365149
6623.123536	2.1477085
6625.042307	2.1418429
6627.000482	2.1283128
6629.118848	2.1199109
6630.873794	2.1180741
6632.830645	2.1231526
6634.580976	2.1406130
6636.532698	2.1680763
6638.285822	2.1947930
6640.415975	2.2068896
6642.376506	2.1964071
6644.324856	2.1745035
6646.084534	2.1478548
6648.033677	2.1183250
6649.796906	2.0870810
6651.921138	2.0528346
6653.708798	2.0288590
6655.643091	2.0238123
6657.627759	2.0397308
6659.546621	2.0681426
6661.352920	2.0990574
6663.448216	2.1251004
6665.286386	2.1355216
6667.178711	2.1304079
6669.216100	2.1127196
6671.088689	2.0933403
6672.958626	2.0775476
6675.012243	2.0682766
6677.489011	2.0689723
6680.062313	2.0754433
6682.699564	2.0827613
6685.375613	2.0929711
6687.964991	2.1007264
6690.573191	2.1009396
6693.429128	2.0896428
6696.090419	2.0698696
6698.472772	2.0440882
6701.142597	2.0102544
6703.806529	1.9766847
6706.394632	1.9489163
6709.042871	1.9323375
6711.898186	1.9282258
6714.512921	1.9370065
6717.140577	1.9532710
6719.989783	1.9697536
6722.635119	1.9818441
6725.228118	1.9911940
6727.900149	1.9963659
6730.573311	1.9972611
6733.163984	1.9942026
6735.824573	1.9902755
6738.522402	1.9855332
6741.124419	1.9794422
6743.763086	1.9723078
6746.473067	1.9664444
6749.111728	1.9602925
6751.731661	1.9521092
6754.616090	1.9413468
6757.321698	1.9309382
6759.732100	1.9235747
6762.614245	1.9181811
6765.515802	1.9155852
6768.160138	1.9120165
6770.816591	1.9042964
6773.545513	1.8923440
6776.219687	1.8789823
6778.877779	1.8677398
6781.790843	1.8596634
6785.077256	1.8539173
6788.378786	1.8518809
6791.658250	1.8516488
6794.935776	1.8528563
6798.243506	1.8549873
6801.748691	1.8566869
6805.247662	1.8556610
6808.758668	1.8526295
6812.103963	1.8489295
6815.402663	1.8441541
6818.710981	1.8362737
6822.038389	1.8246342
6825.556612	1.8105382
6829.082134	1.7996250
6832.428796	1.7923020
6835.772088	1.7875987
6839.313051	1.7832731
6842.662844	1.7790075
6846.020031	1.7731179
6849.373174	1.7659615
6852.761067	1.7590335
6856.350485	1.7530456
6859.942067	1.7495156
6863.357329	1.7470429
6866.753889	1.7445173
6870.146095	1.7424627
6873.555898	1.7410875
6876.968406	1.7391777
6880.394688	1.7359222
6884.014437	1.7313368
6887.642180	1.7256429
6891.077245	1.7187641
6894.275978	1.7102717
6897.708741	1.6994049
6901.351584	1.6882819
6904.783929	1.6801140
6908.235317	1.6740112
6911.892932	1.6696815
6915.350682	1.6666428
6918.792362	1.6632766
6922.865476	1.6574698
6927.135757	1.6503254
6931.207550	1.6438367
6935.294520	1.6378601
6939.375524	1.6320326
6943.470929	1.6261742
6947.573837	1.6206654
6951.680174	1.6153738
6955.798543	1.6098588
6959.913400	1.6054899
6964.036216	1.6021613
6968.173998	1.5979518
6972.305804	1.5928988
6976.447260	1.5864401
6980.600043	1.5799174
6984.748901	1.5733312
6988.906631	1.5664046
6993.071600	1.5597277
6997.233460	1.5527706
7001.409625	1.5459263
7005.786130	1.5386794
7010.182537	1.5318472
7014.375265	1.5260319
7018.560294	1.5198294
7022.750952	1.5132777
7026.952690	1.5069052
7031.141247	1.5007699
7035.340047	1.4948662
7039.546180	1.4897805
7043.744529	1.4854477
7047.953575	1.4817460
7052.164076	1.4777696
7056.373075	1.4728280
7060.597033	1.4670738
7064.815267	1.4607758
7069.240411	1.4537378
7073.689922	1.4469291
7077.910473	1.4412373
7082.140953	1.4358058
7086.591351	1.4298088
7091.256010	1.4230002
7095.942985	1.4161363
7100.638364	1.4091749
7105.554081	1.4024423
7110.460914	1.3961424
7115.364925	1.3896978
7120.302830	1.3833274
7125.018564	1.3773733
7129.967142	1.3711812
7134.910783	1.3648447
7139.638840	1.3590351
7144.592234	1.3531924
7149.536364	1.3473929
7154.491903	1.3412636
7159.466858	1.3344271
7164.222944	1.3280764
7168.999490	1.3216141
7173.989561	1.3151146
7178.985212	1.3085119
7183.988179	1.3018500
7188.994355	1.2956667
7194.014023	1.2892249
7199.056590	1.2828505
7203.888041	1.2763510
7208.724240	1.2699815
7213.797673	1.2632756
7218.865000	1.2567887
7223.722962	1.2506098
7228.822295	1.2441748
7233.935184	1.2376553
7238.840981	1.2315006
7243.753705	1.2255853
7248.897458	1.2197074
7254.044481	1.2139388
7258.963241	1.2084060
7264.112855	1.2021423
7269.278645	1.1960083
7274.226279	1.1899169
7279.187469	1.1837902
7284.375075	1.1774598
7290.040003	1.1704314
7295.669420	1.1635539
7301.104691	1.1569052
7306.569940	1.1502502
7312.039914	1.1435014
7317.736729	1.1367524
7323.429774	1.1298853
7328.924127	1.1232575
7334.424005	1.1167425
7340.151066	1.1097793
7345.847519	1.1031598
7351.574789	1.0962595
7357.339523	1.0898009
7362.856549	1.0833269
7368.597419	1.0766015
7374.348841	1.0701367
7379.917501	1.0635407
7385.482144	1.0571283
7391.279667	1.0504097
7397.054187	1.0437117
7402.640274	1.0372830
7408.249138	1.0308053
7414.085114	1.0241678
7419.902478	1.0173833
7425.500620	1.0110437
7431.147483	1.0045447
7437.039338	0.9979708
7442.911553	0.9911667
7448.775843	0.9846776
7454.710013	0.9779987
7460.411001	0.9717546
7466.100877	0.9653232
7472.023066	0.9586952
7477.973843	0.9520815
7483.715009	0.9458793
7489.444633	0.9395468
7495.392293	0.9330663
7501.352894	0.9264492
7507.112582	0.9201735
7513.127429	0.9136709
7519.344476	0.9069343
7525.581853	0.9002263
7531.869744	0.8933333
7538.148062	0.8867428
7544.392854	0.8799024
7550.716389	0.8730083
7557.029964	0.8663531
7563.552396	0.8593983
7569.902922	0.8525536
7576.002672	0.8460661
7582.532192	0.8389558
7589.082936	0.8321095
7595.442803	0.8255064
7601.766362	0.8188180
7608.090593	0.8120574
7614.467563	0.8055401
7620.855620	0.7988739
7627.431917	0.7919604
7634.100860	0.7851508
7640.520810	0.7785827
7646.923569	0.7719268
7653.345523	0.7653930
7659.829855	0.7588063
7666.290101	0.7522540
7672.758939	0.7456790
7679.281658	0.7391880
7685.811219	0.7324597
7692.540133	0.7256961
7699.099148	0.7191231
7705.671442	0.7125181
7712.434473	0.7057253
7719.001053	0.6993821
7725.603510	0.6928592
7732.189016	0.6863086
7738.774749	0.6798336
7745.463487	0.6732171
7752.129476	0.6666684
7758.783235	0.6601639
7765.537531	0.6535725
7772.323841	0.6470267
7779.302626	0.6403305
7786.362198	0.6335584
7793.159106	0.6271407
7800.170503	0.6203259
7807.261491	0.6136093
7814.349778	0.6068485
7821.386620	0.6001737
7828.261449	0.5937801
7835.378785	0.5870537
7842.469792	0.5803214
7849.378158	0.5739286
7856.528549	0.5672945
7863.934463	0.5603276
7871.164349	0.5536111
7878.333879	0.5469267
7885.555989	0.5404068
7892.562337	0.5339146
7899.772408	0.5274023
7907.052308	0.5207927
7914.084205	0.5144877
7921.339144	0.5078834
7928.658925	0.5012243
7936.013791	0.4945751
7943.298347	0.4879696
7950.412843	0.4816938
7957.772617	0.4751080
7965.109574	0.4685772
7972.253634	0.4622998
7979.677607	0.4556501
7987.025991	0.4490975
7994.471960	0.4425833
8002.131998	0.4357927
8009.538429	0.4292801
8016.727849	0.4229963
8024.136033	0.4165337
8031.570435	0.4100426
8038.215902	0.4043136
