1
no area description
C1s
1,1
file#,2
298.00,1441.0000
297.75,1439.6000
297.50,1451.0000
297.25,1468.8000
297.00,1429.6000
296.75,1448.6000
296.50,1457.2000
296.25,1525.8000
296.00,1579.2000
295.75,1711.6000
295.50,1859.4000
295.25,2139.0000
295.00,2403.3999
294.75,2623.2000
294.50,2705.0000
294.25,2560.8000
294.00,2175.2000
293.75,1850.6000
293.50,1720.0000
293.25,1739.8000
293.00,1966.2000
292.75,2340.0000
292.50,2700.2000
292.25,3225.6001
292.00,3683.6001
291.75,3912.3999
291.50,3632.2000
291.25,2923.0000
291.00,2220.2000
290.75,1718.0000
290.50,1517.2000
290.25,1406.4000
290.00,1392.2000
289.75,1432.6000
289.50,1401.6000
289.25,1477.0000
289.00,1524.4000
288.75,1618.8000
288.50,1714.6000
288.25,1813.4000
288.00,1879.4000
287.75,1861.2000
287.50,1800.0000
287.25,1719.6000
287.00,1682.8000
286.75,1728.8000
286.50,1831.8000
286.25,1940.6000
286.00,2112.2000
285.75,2389.8000
285.50,2813.3999
285.25,3405.2000
285.00,4128.0000
284.75,4745.6001
284.50,4902.7998
284.25,4517.3999
284.00,3655.0000
283.75,2666.2000
283.50,1969.6000
283.25,1596.8000
283.00,1352.0000
282.75,1237.2000
282.50,1208.8000
282.25,1140.2000
282.00,1140.6000
281.75,1106.8000
281.50,1098.2000
281.25,1096.0000
281.00,1100.4000
280.75,1089.8000
280.50,1064.4000
280.25,1085.8000
280.00,1080.8000
279.75,1072.0000
279.50,1087.4000
279.25,1094.6000
279.00,1063.8000
278.75,1059.8000
278.50,1071.2000
278.25,1087.0000
278.00,1078.4000
0.00,0.0000
0.00,0.0000
0.00,0.0000
0.00,0.0000
0.00,0.0000
0.00,0.0000
0.00,0.0000
0.00,0.0000
0.00,0.0000
0.00,0.0000
0.00,0.0000
0.00,0.0000
0.00,0.0000
0.00,0.0000
0.00,0.0000
0.00,0.0000
0.00,0.0000
0.00,0.0000
0.00,0.0000
0.00,0.0000
0.00,0.0000
0.00,0.0000
0.00,0.0000
0.00,0.0000
0.00,0.0000
0.00,0.0000
0.00,0.0000
0.00,0.0000
0.00,0.0000
0.00,0.0000
0.00,0.0000
0.00,0.0000
0.00,0.0000
0.00,0.0000
0.00,0.0000
0.00,0.0000
0.00,0.0000
0.00,0.0000
0.00,0.0000
0.00,0.0000
0.00,0.0000
0.00,0.0000
0.00,0.0000
0.00,0.0000
0.00,0.0000
0.00,0.0000
0.00,0.0000
0.00,0.0000
0.00,0.0000
0.00,0.0000
0.00,0.0000
0.00,0.0000
0.00,0.0000
0.00,0.0000
0.00,0.0000
0.00,0.0000
0.00,0.0000
0.00,0.0000
0.00,0.0000
0.00,0.0000
0.00,0.0000
0.00,0.0000
0.00,0.0000
0.00,0.0000
0.00,0.0000
0.00,0.0000
0.00,0.0000
0.00,0.0000
0.00,0.0000
0.00,0.0000
0.00,0.0000
0.00,0.0000
0.00,0.0000
0.00,0.0000
0.00,0.0000
0.00,0.0000
0.00,0.0000
0.00,0.0000
0.00,0.0000
0.00,0.0000

1
no area description
Mn2p
1,1
file#,2
672.00,8065.9375
671.75,8135.6250
671.50,8038.7500
671.25,8078.1250
671.00,8019.0625
670.75,8040.9375
670.50,8026.2500
670.25,8034.6875
670.00,8065.9375
669.75,8196.5625
669.50,8064.6875
669.25,8115.9375
669.00,8143.7500
668.75,8145.9375
668.50,8171.2500
668.25,8135.3125
668.00,8207.1875
667.75,8215.3125
667.50,8205.3125
667.25,8228.7500
667.00,8244.0625
666.75,8256.8750
666.50,8417.5000
666.25,8183.4375
666.00,8376.5625
665.75,8287.1875
665.50,8377.1875
665.25,8340.3125
665.00,8204.6875
664.75,8296.8750
664.50,8243.7500
664.25,8146.5625
664.00,8127.8125
663.75,8095.6250
663.50,7984.0625
663.25,7979.0625
663.00,7976.2500
662.75,7924.0625
662.50,7868.4375
662.25,7806.2500
662.00,7736.2500
661.75,7732.1875
661.50,7633.7500
661.25,7605.6250
661.00,7555.0000
660.75,7563.4375
660.50,7583.7500
660.25,7565.9375
660.00,7643.7500
659.75,7655.6250
659.50,7589.3750
659.25,7644.6875
659.00,7722.8125
658.75,7741.8750
658.50,7853.7500
658.25,7893.1250
658.00,7993.1250
657.75,8002.5000
657.50,8159.0625
657.25,8389.0625
657.00,8428.1250
656.75,8488.7500
656.50,8721.2500
656.25,8905.9375
656.00,9187.8125
655.75,9494.3750
655.50,9692.5000
655.25,10219.3750
655.00,10623.4375
654.75,11088.1250
654.50,11679.3750
654.25,12115.9375
654.00,12300.3125
653.75,12354.0625
653.50,12321.8750
653.25,11892.1875
653.00,11299.3750
652.75,10686.5625
652.50,9898.4375
652.25,9329.6875
652.00,8818.7500
651.75,8248.4375
651.50,7775.6250
651.25,7513.7500
651.00,7194.3750
650.75,6858.1250
650.50,6974.3750
650.25,6737.8125
650.00,6640.9375
649.75,6566.8750
649.50,6540.0000
649.25,6492.5000
649.00,6443.1250
648.75,6447.8125
648.50,6467.8125
648.25,6543.7500
648.00,6399.3750
647.75,6511.2500
647.50,6558.1250
647.25,6601.2500
647.00,6557.5000
646.75,6705.9375
646.50,6820.9375
646.25,6934.0625
646.00,7063.1250
645.75,7315.3125
645.50,7435.0000
645.25,7668.7500
645.00,7834.0625
644.75,8383.7500
644.50,8848.4375
644.25,9305.6250
644.00,9910.9375
643.75,10498.7500
643.50,11326.8750
643.25,12321.2500
643.00,13316.8750
642.75,13970.9375
642.50,14509.6875
642.25,15051.8750
642.00,15395.0000
641.75,14865.6250
641.50,13444.6875
641.25,11276.2500
641.00,9606.2500
640.75,8383.4375
640.50,7285.9375
640.25,6366.5625
640.00,5375.3125
639.75,4650.0000
639.50,4230.9375
639.25,3986.5625
639.00,3895.6250
638.75,3730.9375
638.50,3648.4375
638.25,3552.8125
638.00,3541.2500
637.75,3422.1875
637.50,3446.8750
637.25,3426.8750
637.00,3440.3125
636.75,3406.5625
636.50,3424.3750
636.25,3402.1875
636.00,3339.0625
635.75,3382.5000
635.50,3379.0625
635.25,3337.8125
635.00,3341.5625
634.75,3353.7500
634.50,3404.3750
634.25,3364.3750
634.00,3303.7500
633.75,3352.5000
633.50,3345.0000
633.25,3350.9375
633.00,3258.7500
632.75,3347.8125
632.50,3354.3750
632.25,3370.0000
632.00,3318.4375

1
no area description
Na1s
1,1
file#,2
1086.00,11247.8125
1085.75,11264.0625
1085.50,11278.4375
1085.25,11153.1250
1085.00,11282.5000
1084.75,11257.8125
1084.50,11366.8750
1084.25,11297.1875
1084.00,11276.5625
1083.75,11332.8125
1083.50,11221.2500
1083.25,11219.0625
1083.00,11289.3750
1082.75,11365.3125
1082.50,11280.0000
1082.25,11352.1875
1082.00,11299.0625
1081.75,11360.9375
1081.50,11429.0625
1081.25,11294.3750
1081.00,11317.5000
1080.75,11413.4375
1080.50,11427.8125
1080.25,11311.8750
1080.00,11348.7500
1079.75,11243.1250
1079.50,11360.0000
1079.25,11290.0000
1079.00,11418.7500
1078.75,11499.3750
1078.50,11359.0625
1078.25,11490.9375
1078.00,11308.1250
1077.75,11383.1250
1077.50,11343.7500
1077.25,11405.9375
1077.00,11407.1875
1076.75,11352.8125
1076.50,11439.0625
1076.25,11514.3750
1076.00,11527.1875
1075.75,11460.3125
1075.50,11427.8125
1075.25,11529.6875
1075.00,11552.1875
1074.75,11442.5000
1074.50,11501.8750
1074.25,11402.1875
1074.00,11474.6875
1073.75,11608.4375
1073.50,11463.4375
1073.25,11540.0000
1073.00,11581.2500
1072.75,11551.5625
1072.50,11513.4375
1072.25,11562.5000
1072.00,11706.5625
1071.75,11667.8125
1071.50,11557.1875
1071.25,11666.8750
1071.00,11601.8750
1070.75,11711.5625
1070.50,11688.4375
1070.25,11620.9375
1070.00,11679.3750
1069.75,11572.1875
1069.50,11584.6875
1069.25,11624.3750
1069.00,11675.0000
1068.75,11565.9375
1068.50,11698.1250
1068.25,11635.0000
1068.00,11624.3750
1067.75,11531.5625
1067.50,11619.3750
1067.25,11672.8125
1067.00,11685.3125
1066.75,11671.8750
1066.50,11601.5625
1066.25,11685.3125
1066.00,11630.6250
0.00,0.0000
0.00,0.0000
0.00,0.0000
0.00,0.0000
0.00,0.0000
0.00,0.0000
0.00,0.0000
0.00,0.0000
0.00,0.0000
0.00,0.0000
0.00,0.0000
0.00,0.0000
0.00,0.0000
0.00,0.0000
0.00,0.0000
0.00,0.0000
0.00,0.0000
0.00,0.0000
0.00,0.0000
0.00,0.0000
0.00,0.0000
0.00,0.0000
0.00,0.0000
0.00,0.0000
0.00,0.0000
0.00,0.0000
0.00,0.0000
0.00,0.0000
0.00,0.0000
0.00,0.0000
0.00,0.0000
0.00,0.0000
0.00,0.0000
0.00,0.0000
0.00,0.0000
0.00,0.0000
0.00,0.0000
0.00,0.0000
0.00,0.0000
0.00,0.0000
0.00,0.0000
0.00,0.0000
0.00,0.0000
0.00,0.0000
0.00,0.0000
0.00,0.0000
0.00,0.0000
0.00,0.0000
0.00,0.0000
0.00,0.0000
0.00,0.0000
0.00,0.0000
0.00,0.0000
0.00,0.0000
0.00,0.0000
0.00,0.0000
0.00,0.0000
0.00,0.0000
0.00,0.0000
0.00,0.0000
0.00,0.0000
0.00,0.0000
0.00,0.0000
0.00,0.0000
0.00,0.0000
0.00,0.0000
0.00,0.0000
0.00,0.0000
0.00,0.0000
0.00,0.0000
0.00,0.0000
0.00,0.0000
0.00,0.0000
0.00,0.0000
0.00,0.0000
0.00,0.0000
0.00,0.0000
0.00,0.0000
0.00,0.0000
0.00,0.0000

1
no area description
K2p
1,1
file#,2
307.00,1557.1875
306.75,1568.4375
306.50,1555.3125
306.25,1536.8750
306.00,1639.3750
305.75,1576.5625
305.50,1586.2500
305.25,1605.6250
305.00,1624.3750
304.75,1600.6250
304.50,1595.6250
304.25,1576.8750
304.00,1584.6875
303.75,1614.3750
303.50,1567.1875
303.25,1562.1875
303.00,1553.1250
302.75,1543.1250
302.50,1555.6250
302.25,1559.3750
302.00,1569.0625
301.75,1555.9375
301.50,1532.5000
301.25,1514.3750
301.00,1495.3125
300.75,1484.6875
300.50,1507.5000
300.25,1511.2500
300.00,1487.8125
299.75,1505.6250
299.50,1499.6875
299.25,1475.6250
299.00,1452.1875
298.75,1489.6875
298.50,1442.8125
298.25,1468.7500
298.00,1486.8750
297.75,1451.5625
297.50,1417.5000
297.25,1465.9375
297.00,1445.3125
296.75,1457.1875
296.50,1509.3750
296.25,1507.1875
296.00,1627.5000
295.75,1789.6875
295.50,1930.0000
295.25,2170.9375
295.00,2449.3750
294.75,2684.0625
294.50,2725.6250
294.25,2520.0000
294.00,2168.4375
293.75,1904.3750
293.50,1753.7500
293.25,1779.0625
293.00,2024.0625
292.75,2367.8125
292.50,2798.4375
292.25,3304.6875
292.00,3707.8125
291.75,3895.0000
291.50,3612.1875
291.25,2919.0625
291.00,2185.0000
290.75,1743.7500
290.50,1507.1875
290.25,1445.6250
290.00,1396.5625
289.75,1405.3125
289.50,1438.1250
289.25,1493.4375
289.00,1509.6875
288.75,1634.0625
288.50,1725.9375
288.25,1847.1875
288.00,1871.8750
287.75,1889.6875
287.50,1776.8750
287.25,1702.1875
287.00,1659.3750
0.00,0.0000
0.00,0.0000
0.00,0.0000
0.00,0.0000
0.00,0.0000
0.00,0.0000
0.00,0.0000
0.00,0.0000
0.00,0.0000
0.00,0.0000
0.00,0.0000
0.00,0.0000
0.00,0.0000
0.00,0.0000
0.00,0.0000
0.00,0.0000
0.00,0.0000
0.00,0.0000
0.00,0.0000
0.00,0.0000
0.00,0.0000
0.00,0.0000
0.00,0.0000
0.00,0.0000
0.00,0.0000
0.00,0.0000
0.00,0.0000
0.00,0.0000
0.00,0.0000
0.00,0.0000
0.00,0.0000
0.00,0.0000
0.00,0.0000
0.00,0.0000
0.00,0.0000
0.00,0.0000
0.00,0.0000
0.00,0.0000
0.00,0.0000
0.00,0.0000
0.00,0.0000
0.00,0.0000
0.00,0.0000
0.00,0.0000
0.00,0.0000
0.00,0.0000
0.00,0.0000
0.00,0.0000
0.00,0.0000
0.00,0.0000
0.00,0.0000
0.00,0.0000
0.00,0.0000
0.00,0.0000
0.00,0.0000
0.00,0.0000
0.00,0.0000
0.00,0.0000
0.00,0.0000
0.00,0.0000
0.00,0.0000
0.00,0.0000
0.00,0.0000
0.00,0.0000
0.00,0.0000
0.00,0.0000
0.00,0.0000
0.00,0.0000
0.00,0.0000
0.00,0.0000
0.00,0.0000
0.00,0.0000
0.00,0.0000
0.00,0.0000
0.00,0.0000
0.00,0.0000
0.00,0.0000
0.00,0.0000
0.00,0.0000
0.00,0.0000

